Tomato 00000000000000000000000001 0 0 0
Помидор 00000000000000000000000002 0 0 0
Кортошка 00000000000000000000000003 30,1 224 199
Товар 00000000000000000000000006 20,1 124 94
Салат 00000000000000000000000005 100,59 346 1234
Лук 00000000000000000000000004 20 346 67
Товар1 01HHWTQQFCV21AY29JASHCJHJ5 15 100 70
Товар2 01HHWTQWCHS3MWXFHVVQPD2MZ3 25 50 25
Товар3 01HJ4FEMAMEVXXC0GAWXSKJA5J 24,1 100 80
Товар4 01HJ4FEMAMC9P4SPWKAYP2ZR4N 100,59 1902 1887
Чипсы 01HJPNKM2SSK5NND61K49VF7DM 74,1 200 200
