1 Товар1 01HHWTQQFCV21AY29JASHCJHJ5 кол 10,00 15,00 100
2 Товар2 01HHWTQWCHS3MWXFHVVQPD2MZ3 кол 20,00 25,00 50
2 Tomato 00000000000000000000000001 шт 30 17 490
2 Товар 00000000000000000000000006 шт 54 20 124
3 Tomato 00000000000000000000000001 шт 30,01 17,24 490
3 Товар 00000000000000000000000006 шт 54,5 20,1 124
4 Помидор 00000000000000000000000002 шт 15,14 12,24 190
4 Кортошка 00000000000000000000000003 шт 54,1 30,1 224
5 Товар3 01HJ4FEMAMEVXXC0GAWXSKJA5J шт 9,5 24,1 100
5 Товар4 01HJ4FEMAMC9P4SPWKAYP2ZR4N шт 90,49 100,59 1902
6 Товар3 01HJ4FEMAMEVXXC0GAWXSKJA5J шт 9,5 24,1 100
6 Товар4 01HJ4FEMAMC9P4SPWKAYP2ZR4N шт 90,49 100,59 1902
